Starting p = 1:
1 of 3...
      fun: 285.7561676974693
 hess_inv: array([[1, 0],
       [0, 1]])
      jac: array([-3.81469727e-06,  0.00000000e+00])
  message: 'Optimization terminated successfully.'
     nfev: 3
      nit: 0
     njev: 1
   status: 0
  success: True
        x: array([2.62022653, 4.52593227])
2 of 3...
      fun: 285.75616769746927
 hess_inv: array([[1, 0],
       [0, 1]])
      jac: array([-3.81469727e-06,  3.81469727e-06])
  message: 'Optimization terminated successfully.'
     nfev: 3
      nit: 0
     njev: 1
   status: 0
  success: True
        x: array([7.18638172e-04, 1.89961158e+00])
3 of 3...
      fun: 285.7561676974693
 hess_inv: array([[1, 0],
       [0, 1]])
      jac: array([-7.62939453e-06,  0.00000000e+00])
  message: 'Optimization terminated successfully.'
     nfev: 3
      nit: 0
     njev: 1
   status: 0
  success: True
        x: array([0.92209446, 0.5801805 ])
Starting p = 2:
1 of 3...
      fun: 285.756086650131
 hess_inv: array([[ 8.28314906e-05, -1.09127775e-07,  2.42750687e-03,
         0.00000000e+00],
       [-1.09127775e-07,  1.31275790e-07, -3.02482821e-03,
         0.00000000e+00],
       [ 2.42750687e-03, -3.02482821e-03,  7.89345140e+01,
         0.00000000e+00],
       [ 0.00000000e+00,  0.00000000e+00,  0.00000000e+00,
         1.00000000e+00]])
      jac: array([-7.62939453e-06,  3.22914124e-02, -7.62939453e-06,  0.00000000e+00])
  message: 'Desired error not necessarily achieved due to precision loss.'
     nfev: 105
      nit: 10
     njev: 21
   status: 2
  success: False
        x: array([6.88946767e-04, 1.15699748e+00, 1.90149855e+00, 2.17122208e+00])
2 of 3...
      fun: 285.75608664833203
 hess_inv: array([[ 9.99990160e-01,  2.64692409e-07, -1.25207293e-02,
         0.00000000e+00],
       [ 2.64692409e-07,  1.54441944e-08, -1.45420707e-05,
         0.00000000e+00],
       [-1.25207293e-02, -1.45420707e-05,  2.65098816e+00,
         0.00000000e+00],
       [ 0.00000000e+00,  0.00000000e+00,  0.00000000e+00,
         1.00000000e+00]])
      jac: array([-7.62939453e-06, -3.70025635e-04, -7.62939453e-06,  0.00000000e+00])
  message: 'Optimization terminated successfully.'
     nfev: 100
      nit: 6
     njev: 20
   status: 0
  success: True
        x: array([7.09338363e-04, 2.49829239e+00, 1.90151662e+00, 3.38548539e+00])
3 of 3...
      fun: 285.7560866480973
 hess_inv: array([[ 1.04763767e-03,  1.46577023e-08, -2.09922186e-04,
        -2.13162821e-12],
       [ 1.46577023e-08,  1.57467485e-08, -7.30616762e-06,
         0.00000000e+00],
       [-2.09922186e-04, -7.30616762e-06,  2.60170001e+00,
         7.56699592e-10],
       [-2.13162821e-12,  0.00000000e+00,  7.56699592e-10,
         4.19095159e-09]])
      jac: array([0.        , 0.00440216, 0.        , 0.        ])
  message: 'Desired error not necessarily achieved due to precision loss.'
     nfev: 135
      nit: 8
     njev: 27
   status: 2
  success: False
        x: array([7.09012505e-04, 2.63396100e+00, 1.90151444e+00, 4.30536202e+00])
Starting p = 3:
1 of 3...
      fun: 270.28164101916104
 hess_inv: array([[ 1.00000386e+00,  5.11771894e-07, -6.64259630e-10,
        -1.13775344e-04,  1.21163968e-04,  4.37357163e-11],
       [ 5.11771894e-07,  8.37155577e-08,  2.25332394e-11,
        -9.15434842e-05,  9.12896613e-05, -2.63552933e-11],
       [-6.64259630e-10,  2.25332394e-11,  4.93415364e-13,
         1.02481135e-08, -1.12123036e-08, -1.54762809e-13],
       [-1.13775344e-04, -9.15434842e-05,  1.02481135e-08,
         4.77908323e-01, -4.77908722e-01,  6.64575854e-09],
       [ 1.21163968e-04,  9.12896613e-05, -1.12123036e-08,
        -4.77908722e-01,  4.77964073e-01, -6.84115008e-09],
       [ 4.37357163e-11, -2.63552933e-11, -1.54762809e-13,
         6.64575854e-09, -6.84115008e-09,  1.00000000e+00]])
      jac: array([-1.14440918e-05, -2.67681885e+00,  5.06954317e+03, -5.23880005e-01,
       -5.23666382e-01,  0.00000000e+00])
  message: 'Desired error not necessarily achieved due to precision loss.'
     nfev: 368
      nit: 13
     njev: 51
   status: 2
  success: False
        x: array([6.69987765e-04, 2.61782251e+00, 1.28433863e+00, 1.92697706e+00,
       4.32034934e+00, 5.51737921e+00])
2 of 3...
      fun: 270.2816141002057
 hess_inv: array([[ 9.99999966e-01, -8.63423531e-07,  1.93073199e-10,
         8.37136604e-07, -7.73022732e-07, -1.43205420e-09],
       [-8.63423531e-07,  5.27069721e-08,  1.44184668e-12,
        -4.49827474e-05,  4.49435710e-05, -1.48062268e-11],
       [ 1.93073199e-10,  1.44184668e-12,  6.80216702e-13,
         7.65874959e-08, -7.68906217e-08,  2.00305557e-11],
       [ 8.37136604e-07, -4.49827474e-05,  7.65874959e-08,
         5.17901810e-01, -5.17530934e-01,  5.79539541e-06],
       [-7.73022732e-07,  4.49435710e-05, -7.68906217e-08,
        -5.17530934e-01,  5.17206440e-01, -5.56974666e-06],
       [-1.43205420e-09, -1.48062268e-11,  2.00305557e-11,
         5.79539541e-06, -5.56974666e-06,  1.00000000e+00]])
      jac: array([ 3.81469727e-06,  3.28132629e-01,  1.31254078e+04, -8.20259094e-01,
       -8.21735382e-01,  0.00000000e+00])
  message: 'Desired error not necessarily achieved due to precision loss.'
     nfev: 397
      nit: 11
     njev: 55
   status: 2
  success: False
        x: array([7.23790573e-04, 2.62972516e+00, 1.71744513e-01, 1.92206000e+00,
       4.32525541e+00, 4.21268926e+00])
3 of 3...
      fun: 270.2816447189292
 hess_inv: array([[ 1.00003205e+00, -2.66360031e-07, -5.85734745e-10,
         2.57462153e-02, -2.57484760e-02,  2.42415134e-05],
       [-2.66360031e-07,  4.03018143e-08,  2.24688900e-12,
        -2.03638787e-05,  2.03789732e-05,  5.12850037e-07],
       [-5.85734745e-10,  2.24688900e-12,  3.80942281e-13,
         2.25887991e-08, -2.24313794e-08,  6.97832735e-11],
       [ 2.57462153e-02, -2.03638787e-05,  2.25887991e-08,
         3.26563258e+00, -3.26553009e+00,  6.17715831e-03],
       [-2.57484760e-02,  2.03789732e-05, -2.24313794e-08,
        -3.26553009e+00,  3.26547020e+00, -6.17687505e-03],
       [ 2.42415134e-05,  5.12850037e-07,  6.97832735e-11,
         6.17715831e-03, -6.17687505e-03,  1.00000777e+00]])
      jac: array([-3.81469727e-06, -9.96033478e+00,  1.92161591e+03,  3.85551453e-02,
        3.93028259e-02,  0.00000000e+00])
  message: 'Desired error not necessarily achieved due to precision loss.'
     nfev: 529
      nit: 15
     njev: 74
   status: 2
  success: False
        x: array([7.21696184e-04, 2.63765781e+00, 2.62200084e+00, 1.93678519e+00,
       4.31056437e+00, 3.51034063e+00])
Starting p = 4:
1 of 3...
      fun: 270.2816173548719
 hess_inv: array([[1, 0, 0, 0, 0, 0, 0, 0],
       [0, 1, 0, 0, 0, 0, 0, 0],
       [0, 0, 1, 0, 0, 0, 0, 0],
       [0, 0, 0, 1, 0, 0, 0, 0],
       [0, 0, 0, 0, 1, 0, 0, 0],
       [0, 0, 0, 0, 0, 1, 0, 0],
       [0, 0, 0, 0, 0, 0, 1, 0],
       [0, 0, 0, 0, 0, 0, 0, 1]])
      jac: array([ 7.62939453e-06,  3.83724213e-01,  1.31254506e+04,  4.53757057e+01,
       -8.16623688e-01, -8.18099976e-01, -1.31607056e-03,  0.00000000e+00])
  message: 'Desired error not necessarily achieved due to precision loss.'
     nfev: 444
      nit: 0
     njev: 48
   status: 2
  success: False
        x: array([7.23790573e-04, 2.62972516e+00, 1.71744513e-01, 8.82077150e-01,
       1.92206000e+00, 4.32525541e+00, 4.21268926e+00, 1.24470837e+00])
2 of 3...
      fun: 270.2816315824966
 hess_inv: array([[1, 0, 0, 0, 0, 0, 0, 0],
       [0, 1, 0, 0, 0, 0, 0, 0],
       [0, 0, 1, 0, 0, 0, 0, 0],
       [0, 0, 0, 1, 0, 0, 0, 0],
       [0, 0, 0, 0, 1, 0, 0, 0],
       [0, 0, 0, 0, 0, 1, 0, 0],
       [0, 0, 0, 0, 0, 0, 1, 0],
       [0, 0, 0, 0, 0, 0, 0, 1]])
      jac: array([ 7.62939453e-06,  4.42104340e-01,  1.31257073e+04,  1.01823467e+02,
       -8.12332153e-01, -8.13808441e-01, -2.89154053e-03,  0.00000000e+00])
  message: 'Desired error not necessarily achieved due to precision loss.'
     nfev: 444
      nit: 0
     njev: 48
   status: 2
  success: False
        x: array([7.23790573e-04, 2.62972516e+00, 1.71744513e-01, 5.03122651e+00,
       1.92206000e+00, 4.32525541e+00, 4.21268926e+00, 6.08376691e+00])
3 of 3...
      fun: 270.2832855395376
 hess_inv: array([[1, 0, 0, 0, 0, 0, 0, 0],
       [0, 1, 0, 0, 0, 0, 0, 0],
       [0, 0, 1, 0, 0, 0, 0, 0],
       [0, 0, 0, 1, 0, 0, 0, 0],
       [0, 0, 0, 0, 1, 0, 0, 0],
       [0, 0, 0, 0, 0, 1, 0, 0],
       [0, 0, 0, 0, 0, 0, 1, 0],
       [0, 0, 0, 0, 0, 0, 0, 1]])
      jac: array([ 3.81469727e-06, -1.87186050e+00,  1.31580342e+04, -7.19931133e+02,
       -8.83380890e-01, -8.84868622e-01,  2.03094482e-02,  0.00000000e+00])
  message: 'Desired error not necessarily achieved due to precision loss.'
     nfev: 380
      nit: 0
     njev: 41
   status: 2
  success: False
        x: array([7.23790573e-04, 2.62972516e+00, 1.71744513e-01, 1.96930219e+00,
       1.92206000e+00, 4.32525541e+00, 4.21268926e+00, 4.34999129e+00])
Starting p = 5:
1 of 3...
      fun: 270.28248124744033
 hess_inv: array([[1, 0, 0, 0, 0, 0, 0, 0, 0, 0],
       [0, 1, 0, 0, 0, 0, 0, 0, 0, 0],
       [0, 0, 1, 0, 0, 0, 0, 0, 0, 0],
       [0, 0, 0, 1, 0, 0, 0, 0, 0, 0],
       [0, 0, 0, 0, 1, 0, 0, 0, 0, 0],
       [0, 0, 0, 0, 0, 1, 0, 0, 0, 0],
       [0, 0, 0, 0, 0, 0, 1, 0, 0, 0],
       [0, 0, 0, 0, 0, 0, 0, 1, 0, 0],
       [0, 0, 0, 0, 0, 0, 0, 0, 1, 0],
       [0, 0, 0, 0, 0, 0, 0, 0, 0, 1]])
      jac: array([ 3.81469727e-06,  3.89636993e-01,  1.32388839e+04,  4.40320740e+01,
       -2.18828278e+02, -8.08788300e-01, -8.10260773e-01,  1.68304443e-02,
        1.81579590e-02,  0.00000000e+00])
  message: 'Desired error not necessarily achieved due to precision loss.'
     nfev: 419
      nit: 0
     njev: 37
   status: 2
  success: False
        x: array([7.23790573e-04, 2.62972516e+00, 1.71744513e-01, 8.82077150e-01,
       5.50651545e+00, 1.92206000e+00, 4.32525541e+00, 4.21268926e+00,
       1.24470837e+00, 5.62097944e+00])
2 of 3...
      fun: 270.28277792992543
 hess_inv: array([[1, 0, 0, 0, 0, 0, 0, 0, 0, 0],
       [0, 1, 0, 0, 0, 0, 0, 0, 0, 0],
       [0, 0, 1, 0, 0, 0, 0, 0, 0, 0],
       [0, 0, 0, 1, 0, 0, 0, 0, 0, 0],
       [0, 0, 0, 0, 1, 0, 0, 0, 0, 0],
       [0, 0, 0, 0, 0, 1, 0, 0, 0, 0],
       [0, 0, 0, 0, 0, 0, 1, 0, 0, 0],
       [0, 0, 0, 0, 0, 0, 0, 1, 0, 0],
       [0, 0, 0, 0, 0, 0, 0, 0, 1, 0],
       [0, 0, 0, 0, 0, 0, 0, 0, 0, 1]])
      jac: array([ 3.81469727e-06,  2.18231201e-01,  1.33613027e+04,  4.32862701e+01,
        1.01983128e+02, -8.22364807e-01, -8.23841095e-01,  4.82940674e-03,
        6.14547729e-03,  0.00000000e+00])
  message: 'Desired error not necessarily achieved due to precision loss.'
     nfev: 474
      nit: 0
     njev: 42
   status: 2
  success: False
        x: array([7.23790573e-04, 2.62972516e+00, 1.71744513e-01, 8.82077150e-01,
       5.34348539e-01, 1.92206000e+00, 4.32525541e+00, 4.21268926e+00,
       1.24470837e+00, 2.45388440e-01])
3 of 3...
      fun: 270.28179595856136
 hess_inv: array([[1, 0, 0, 0, 0, 0, 0, 0, 0, 0],
       [0, 1, 0, 0, 0, 0, 0, 0, 0, 0],
       [0, 0, 1, 0, 0, 0, 0, 0, 0, 0],
       [0, 0, 0, 1, 0, 0, 0, 0, 0, 0],
       [0, 0, 0, 0, 1, 0, 0, 0, 0, 0],
       [0, 0, 0, 0, 0, 1, 0, 0, 0, 0],
       [0, 0, 0, 0, 0, 0, 1, 0, 0, 0],
       [0, 0, 0, 0, 0, 0, 0, 1, 0, 0],
       [0, 0, 0, 0, 0, 0, 0, 0, 1, 0],
       [0, 0, 0, 0, 0, 0, 0, 0, 0, 1]])
      jac: array([ 7.62939453e-06,  2.83943176e-01,  1.31975228e+04,  4.49321976e+01,
        1.71053383e+02, -8.24478149e-01, -8.25958252e-01, -8.17871094e-03,
       -6.87026978e-03,  0.00000000e+00])
  message: 'Desired error not necessarily achieved due to precision loss.'
     nfev: 507
      nit: 0
     njev: 45
   status: 2
  success: False
        x: array([7.23790573e-04, 2.62972516e+00, 1.71744513e-01, 8.82077150e-01,
       1.06707600e+00, 1.92206000e+00, 4.32525541e+00, 4.21268926e+00,
       1.24470837e+00, 5.51753208e+00])
Starting p = 6:
1 of 3...
      fun: 270.282649315168
 hess_inv: array([[1, 0, 0, 0, 0, 0, 0, 0, 0, 0, 0, 0],
       [0, 1, 0, 0, 0, 0, 0, 0, 0, 0, 0, 0],
       [0, 0, 1, 0, 0, 0, 0, 0, 0, 0, 0, 0],
       [0, 0, 0, 1, 0, 0, 0, 0, 0, 0, 0, 0],
       [0, 0, 0, 0, 1, 0, 0, 0, 0, 0, 0, 0],
       [0, 0, 0, 0, 0, 1, 0, 0, 0, 0, 0, 0],
       [0, 0, 0, 0, 0, 0, 1, 0, 0, 0, 0, 0],
       [0, 0, 0, 0, 0, 0, 0, 1, 0, 0, 0, 0],
       [0, 0, 0, 0, 0, 0, 0, 0, 1, 0, 0, 0],
       [0, 0, 0, 0, 0, 0, 0, 0, 0, 1, 0, 0],
       [0, 0, 0, 0, 0, 0, 0, 0, 0, 0, 1, 0],
       [0, 0, 0, 0, 0, 0, 0, 0, 0, 0, 0, 1]])
      jac: array([ 7.62939453e-06, -3.58963013e-02,  1.30033099e+04,  4.44291611e+01,
        1.72848595e+02,  8.25434875e+00, -8.19107056e-01, -8.20583344e-01,
        1.03836060e-02,  1.16844177e-02,  1.85813904e-02,  0.00000000e+00])
  message: 'Desired error not necessarily achieved due to precision loss.'
     nfev: 428
      nit: 0
     njev: 32
   status: 2
  success: False
        x: array([7.23790573e-04, 2.62972516e+00, 1.71744513e-01, 8.82077150e-01,
       1.06707600e+00, 6.17931381e-01, 1.92206000e+00, 4.32525541e+00,
       4.21268926e+00, 1.24470837e+00, 5.51753208e+00, 2.64589724e+00])
2 of 3...
      fun: 270.2822018742525
 hess_inv: array([[1, 0, 0, 0, 0, 0, 0, 0, 0, 0, 0, 0],
       [0, 1, 0, 0, 0, 0, 0, 0, 0, 0, 0, 0],
       [0, 0, 1, 0, 0, 0, 0, 0, 0, 0, 0, 0],
       [0, 0, 0, 1, 0, 0, 0, 0, 0, 0, 0, 0],
       [0, 0, 0, 0, 1, 0, 0, 0, 0, 0, 0, 0],
       [0, 0, 0, 0, 0, 1, 0, 0, 0, 0, 0, 0],
       [0, 0, 0, 0, 0, 0, 1, 0, 0, 0, 0, 0],
       [0, 0, 0, 0, 0, 0, 0, 1, 0, 0, 0, 0],
       [0, 0, 0, 0, 0, 0, 0, 0, 1, 0, 0, 0],
       [0, 0, 0, 0, 0, 0, 0, 0, 0, 1, 0, 0],
       [0, 0, 0, 0, 0, 0, 0, 0, 0, 0, 1, 0],
       [0, 0, 0, 0, 0, 0, 0, 0, 0, 0, 0, 1]])
      jac: array([ 7.62939453e-06, -8.58726501e-02,  1.31362071e+04,  4.57714462e+01,
        1.72497295e+02, -1.95715267e+02, -7.99037933e-01, -8.00514221e-01,
        3.57055664e-03,  4.88662720e-03,  1.17683411e-02,  0.00000000e+00])
  message: 'Desired error not necessarily achieved due to precision loss.'
     nfev: 714
      nit: 0
     njev: 54
   status: 2
  success: False
        x: array([7.23790573e-04, 2.62972516e+00, 1.71744513e-01, 8.82077150e-01,
       1.06707600e+00, 6.01859742e+00, 1.92206000e+00, 4.32525541e+00,
       4.21268926e+00, 1.24470837e+00, 5.51753208e+00, 3.34997628e+00])
3 of 3...
      fun: 270.2816880711743
 hess_inv: array([[1, 0, 0, 0, 0, 0, 0, 0, 0, 0, 0, 0],
       [0, 1, 0, 0, 0, 0, 0, 0, 0, 0, 0, 0],
       [0, 0, 1, 0, 0, 0, 0, 0, 0, 0, 0, 0],
       [0, 0, 0, 1, 0, 0, 0, 0, 0, 0, 0, 0],
       [0, 0, 0, 0, 1, 0, 0, 0, 0, 0, 0, 0],
       [0, 0, 0, 0, 0, 1, 0, 0, 0, 0, 0, 0],
       [0, 0, 0, 0, 0, 0, 1, 0, 0, 0, 0, 0],
       [0, 0, 0, 0, 0, 0, 0, 1, 0, 0, 0, 0],
       [0, 0, 0, 0, 0, 0, 0, 0, 1, 0, 0, 0],
       [0, 0, 0, 0, 0, 0, 0, 0, 0, 1, 0, 0],
       [0, 0, 0, 0, 0, 0, 0, 0, 0, 0, 1, 0],
       [0, 0, 0, 0, 0, 0, 0, 0, 0, 0, 0, 1]])
      jac: array([ 7.62939453e-06,  1.42475128e-01,  1.32480380e+04,  4.58970909e+01,
        1.71319458e+02, -7.25478210e+01, -8.06030273e-01, -8.07514191e-01,
       -8.08715820e-03, -6.76727295e-03,  1.02996826e-04, -3.81469727e-06])
  message: 'Desired error not necessarily achieved due to precision loss.'
     nfev: 506
      nit: 0
     njev: 38
   status: 2
  success: False
        x: array([7.23790573e-04, 2.62972516e+00, 1.71744513e-01, 8.82077150e-01,
       1.06707600e+00, 4.34719212e+00, 1.92206000e+00, 4.32525541e+00,
       4.21268926e+00, 1.24470837e+00, 5.51753208e+00, 1.98244318e+00])
Starting p = 7:
1 of 3...
      fun: 270.2816814936053
 hess_inv: array([[1, 0, 0, 0, 0, 0, 0, 0, 0, 0, 0, 0, 0, 0],
       [0, 1, 0, 0, 0, 0, 0, 0, 0, 0, 0, 0, 0, 0],
       [0, 0, 1, 0, 0, 0, 0, 0, 0, 0, 0, 0, 0, 0],
       [0, 0, 0, 1, 0, 0, 0, 0, 0, 0, 0, 0, 0, 0],
       [0, 0, 0, 0, 1, 0, 0, 0, 0, 0, 0, 0, 0, 0],
       [0, 0, 0, 0, 0, 1, 0, 0, 0, 0, 0, 0, 0, 0],
       [0, 0, 0, 0, 0, 0, 1, 0, 0, 0, 0, 0, 0, 0],
       [0, 0, 0, 0, 0, 0, 0, 1, 0, 0, 0, 0, 0, 0],
       [0, 0, 0, 0, 0, 0, 0, 0, 1, 0, 0, 0, 0, 0],
       [0, 0, 0, 0, 0, 0, 0, 0, 0, 1, 0, 0, 0, 0],
       [0, 0, 0, 0, 0, 0, 0, 0, 0, 0, 1, 0, 0, 0],
       [0, 0, 0, 0, 0, 0, 0, 0, 0, 0, 0, 1, 0, 0],
       [0, 0, 0, 0, 0, 0, 0, 0, 0, 0, 0, 0, 1, 0],
       [0, 0, 0, 0, 0, 0, 0, 0, 0, 0, 0, 0, 0, 1]])
      jac: array([ 1.14440918e-05,  5.88150024e-02,  1.31817381e+04,  4.68401604e+01,
        1.71505592e+02, -7.31306267e+01, -2.29058723e+01, -8.14498901e-01,
       -8.15975189e-01, -1.29356384e-02, -1.16195679e-02, -4.70733643e-03,
       -4.87899780e-03,  0.00000000e+00])
  message: 'Desired error not necessarily achieved due to precision loss.'
     nfev: 612
      nit: 0
     njev: 40
   status: 2
  success: False
        x: array([7.23790573e-04, 2.62972516e+00, 1.71744513e-01, 8.82077150e-01,
       1.06707600e+00, 4.34719212e+00, 4.31341254e+00, 1.92206000e+00,
       4.32525541e+00, 4.21268926e+00, 1.24470837e+00, 5.51753208e+00,
       1.98244318e+00, 5.24410776e+00])
2 of 3...
      fun: 270.2817037026704
 hess_inv: array([[1, 0, 0, 0, 0, 0, 0, 0, 0, 0, 0, 0, 0, 0],
       [0, 1, 0, 0, 0, 0, 0, 0, 0, 0, 0, 0, 0, 0],
       [0, 0, 1, 0, 0, 0, 0, 0, 0, 0, 0, 0, 0, 0],
       [0, 0, 0, 1, 0, 0, 0, 0, 0, 0, 0, 0, 0, 0],
       [0, 0, 0, 0, 1, 0, 0, 0, 0, 0, 0, 0, 0, 0],
       [0, 0, 0, 0, 0, 1, 0, 0, 0, 0, 0, 0, 0, 0],
       [0, 0, 0, 0, 0, 0, 1, 0, 0, 0, 0, 0, 0, 0],
       [0, 0, 0, 0, 0, 0, 0, 1, 0, 0, 0, 0, 0, 0],
       [0, 0, 0, 0, 0, 0, 0, 0, 1, 0, 0, 0, 0, 0],
       [0, 0, 0, 0, 0, 0, 0, 0, 0, 1, 0, 0, 0, 0],
       [0, 0, 0, 0, 0, 0, 0, 0, 0, 0, 1, 0, 0, 0],
       [0, 0, 0, 0, 0, 0, 0, 0, 0, 0, 0, 1, 0, 0],
       [0, 0, 0, 0, 0, 0, 0, 0, 0, 0, 0, 0, 1, 0],
       [0, 0, 0, 0, 0, 0, 0, 0, 0, 0, 0, 0, 0, 1]])
      jac: array([ 7.62939453e-06,  1.24301910e-01,  1.32556662e+04,  4.58921394e+01,
        1.71311687e+02, -7.25549049e+01,  2.79226646e+01, -8.05454254e-01,
       -8.06941986e-01, -8.17108154e-03, -6.85501099e-03,  7.62939453e-06,
       -8.77380371e-05,  0.00000000e+00])
  message: 'Desired error not necessarily achieved due to precision loss.'
     nfev: 732
      nit: 0
     njev: 48
   status: 2
  success: False
        x: array([7.23790573e-04, 2.62972516e+00, 1.71744513e-01, 8.82077150e-01,
       1.06707600e+00, 4.34719212e+00, 1.14908636e-01, 1.92206000e+00,
       4.32525541e+00, 4.21268926e+00, 1.24470837e+00, 5.51753208e+00,
       1.98244318e+00, 4.71329574e+00])
3 of 3...
      fun: 270.2818039793635
 hess_inv: array([[1, 0, 0, 0, 0, 0, 0, 0, 0, 0, 0, 0, 0, 0],
       [0, 1, 0, 0, 0, 0, 0, 0, 0, 0, 0, 0, 0, 0],
       [0, 0, 1, 0, 0, 0, 0, 0, 0, 0, 0, 0, 0, 0],
       [0, 0, 0, 1, 0, 0, 0, 0, 0, 0, 0, 0, 0, 0],
       [0, 0, 0, 0, 1, 0, 0, 0, 0, 0, 0, 0, 0, 0],
       [0, 0, 0, 0, 0, 1, 0, 0, 0, 0, 0, 0, 0, 0],
       [0, 0, 0, 0, 0, 0, 1, 0, 0, 0, 0, 0, 0, 0],
       [0, 0, 0, 0, 0, 0, 0, 1, 0, 0, 0, 0, 0, 0],
       [0, 0, 0, 0, 0, 0, 0, 0, 1, 0, 0, 0, 0, 0],
       [0, 0, 0, 0, 0, 0, 0, 0, 0, 1, 0, 0, 0, 0],
       [0, 0, 0, 0, 0, 0, 0, 0, 0, 0, 1, 0, 0, 0],
       [0, 0, 0, 0, 0, 0, 0, 0, 0, 0, 0, 1, 0, 0],
       [0, 0, 0, 0, 0, 0, 0, 0, 0, 0, 0, 0, 1, 0],
       [0, 0, 0, 0, 0, 0, 0, 0, 0, 0, 0, 0, 0, 1]])
      jac: array([ 3.81469727e-06, -8.36639404e-02,  1.32414376e+04,  4.68025055e+01,
        1.71444962e+02, -7.31868401e+01,  7.60185242e-01, -8.10012817e-01,
       -8.11496735e-01, -1.36375427e-02, -1.23214722e-02, -5.45883179e-03,
       -5.55419922e-03,  0.00000000e+00])
  message: 'Desired error not necessarily achieved due to precision loss.'
     nfev: 537
      nit: 0
     njev: 35
   status: 2
  success: False
        x: array([7.23790573e-04, 2.62972516e+00, 1.71744513e-01, 8.82077150e-01,
       1.06707600e+00, 4.34719212e+00, 6.21319746e+00, 1.92206000e+00,
       4.32525541e+00, 4.21268926e+00, 1.24470837e+00, 5.51753208e+00,
       1.98244318e+00, 4.70086345e+00])
Starting p = 8:
1 of 3...
      fun: 270.2817826060755
 hess_inv: array([[1, 0, 0, 0, 0, 0, 0, 0, 0, 0, 0, 0, 0, 0, 0, 0],
       [0, 1, 0, 0, 0, 0, 0, 0, 0, 0, 0, 0, 0, 0, 0, 0],
       [0, 0, 1, 0, 0, 0, 0, 0, 0, 0, 0, 0, 0, 0, 0, 0],
       [0, 0, 0, 1, 0, 0, 0, 0, 0, 0, 0, 0, 0, 0, 0, 0],
       [0, 0, 0, 0, 1, 0, 0, 0, 0, 0, 0, 0, 0, 0, 0, 0],
       [0, 0, 0, 0, 0, 1, 0, 0, 0, 0, 0, 0, 0, 0, 0, 0],
       [0, 0, 0, 0, 0, 0, 1, 0, 0, 0, 0, 0, 0, 0, 0, 0],
       [0, 0, 0, 0, 0, 0, 0, 1, 0, 0, 0, 0, 0, 0, 0, 0],
       [0, 0, 0, 0, 0, 0, 0, 0, 1, 0, 0, 0, 0, 0, 0, 0],
       [0, 0, 0, 0, 0, 0, 0, 0, 0, 1, 0, 0, 0, 0, 0, 0],
       [0, 0, 0, 0, 0, 0, 0, 0, 0, 0, 1, 0, 0, 0, 0, 0],
       [0, 0, 0, 0, 0, 0, 0, 0, 0, 0, 0, 1, 0, 0, 0, 0],
       [0, 0, 0, 0, 0, 0, 0, 0, 0, 0, 0, 0, 1, 0, 0, 0],
       [0, 0, 0, 0, 0, 0, 0, 0, 0, 0, 0, 0, 0, 1, 0, 0],
       [0, 0, 0, 0, 0, 0, 0, 0, 0, 0, 0, 0, 0, 0, 1, 0],
       [0, 0, 0, 0, 0, 0, 0, 0, 0, 0, 0, 0, 0, 0, 0, 1]])
      jac: array([ 3.81469727e-06,  1.27880096e-01,  1.31342601e+04,  4.77019119e+01,
        1.71062466e+02, -7.26158524e+01, -2.29063835e+01, -1.74596497e+02,
       -8.17115784e-01, -8.18592072e-01, -2.55393982e-02, -2.42233276e-02,
       -1.71623230e-02, -1.73912048e-02, -1.25007629e-02,  0.00000000e+00])
  message: 'Desired error not necessarily achieved due to precision loss.'
     nfev: 794
      nit: 0
     njev: 46
   status: 2
  success: False
        x: array([7.23790573e-04, 2.62972516e+00, 1.71744513e-01, 8.82077150e-01,
       1.06707600e+00, 4.34719212e+00, 4.31341254e+00, 1.76208157e+00,
       1.92206000e+00, 4.32525541e+00, 4.21268926e+00, 1.24470837e+00,
       5.51753208e+00, 1.98244318e+00, 5.24410776e+00, 4.95918828e+00])
2 of 3...
      fun: 270.2837406291668
 hess_inv: array([[1, 0, 0, 0, 0, 0, 0, 0, 0, 0, 0, 0, 0, 0, 0, 0],
       [0, 1, 0, 0, 0, 0, 0, 0, 0, 0, 0, 0, 0, 0, 0, 0],
       [0, 0, 1, 0, 0, 0, 0, 0, 0, 0, 0, 0, 0, 0, 0, 0],
       [0, 0, 0, 1, 0, 0, 0, 0, 0, 0, 0, 0, 0, 0, 0, 0],
       [0, 0, 0, 0, 1, 0, 0, 0, 0, 0, 0, 0, 0, 0, 0, 0],
       [0, 0, 0, 0, 0, 1, 0, 0, 0, 0, 0, 0, 0, 0, 0, 0],
       [0, 0, 0, 0, 0, 0, 1, 0, 0, 0, 0, 0, 0, 0, 0, 0],
       [0, 0, 0, 0, 0, 0, 0, 1, 0, 0, 0, 0, 0, 0, 0, 0],
       [0, 0, 0, 0, 0, 0, 0, 0, 1, 0, 0, 0, 0, 0, 0, 0],
       [0, 0, 0, 0, 0, 0, 0, 0, 0, 1, 0, 0, 0, 0, 0, 0],
       [0, 0, 0, 0, 0, 0, 0, 0, 0, 0, 1, 0, 0, 0, 0, 0],
       [0, 0, 0, 0, 0, 0, 0, 0, 0, 0, 0, 1, 0, 0, 0, 0],
       [0, 0, 0, 0, 0, 0, 0, 0, 0, 0, 0, 0, 1, 0, 0, 0],
       [0, 0, 0, 0, 0, 0, 0, 0, 0, 0, 0, 0, 0, 1, 0, 0],
       [0, 0, 0, 0, 0, 0, 0, 0, 0, 0, 0, 0, 0, 0, 1, 0],
       [0, 0, 0, 0, 0, 0, 0, 0, 0, 0, 0, 0, 0, 0, 0, 1]])
      jac: array([ 7.62939453e-06,  6.68792725e-01,  1.29451937e+04,  5.21731377e+01,
        1.78610832e+02, -7.41274681e+01, -2.20177116e+01,  3.77991638e+01,
       -8.63170624e-01, -8.64650726e-01, -1.17267609e-01, -1.15959167e-01,
       -1.08879089e-01, -1.09054565e-01, -1.04343414e-01,  0.00000000e+00])
  message: 'Desired error not necessarily achieved due to precision loss.'
     nfev: 743
      nit: 0
     njev: 43
   status: 2
  success: False
        x: array([7.23790573e-04, 2.62972516e+00, 1.71744513e-01, 8.82077150e-01,
       1.06707600e+00, 4.34719212e+00, 4.31341254e+00, 6.48588128e-01,
       1.92206000e+00, 4.32525541e+00, 4.21268926e+00, 1.24470837e+00,
       5.51753208e+00, 1.98244318e+00, 5.24410776e+00, 2.81419802e+00])
3 of 3...
      fun: 270.28338014054765
 hess_inv: array([[1, 0, 0, 0, 0, 0, 0, 0, 0, 0, 0, 0, 0, 0, 0, 0],
       [0, 1, 0, 0, 0, 0, 0, 0, 0, 0, 0, 0, 0, 0, 0, 0],
       [0, 0, 1, 0, 0, 0, 0, 0, 0, 0, 0, 0, 0, 0, 0, 0],
       [0, 0, 0, 1, 0, 0, 0, 0, 0, 0, 0, 0, 0, 0, 0, 0],
       [0, 0, 0, 0, 1, 0, 0, 0, 0, 0, 0, 0, 0, 0, 0, 0],
       [0, 0, 0, 0, 0, 1, 0, 0, 0, 0, 0, 0, 0, 0, 0, 0],
       [0, 0, 0, 0, 0, 0, 1, 0, 0, 0, 0, 0, 0, 0, 0, 0],
       [0, 0, 0, 0, 0, 0, 0, 1, 0, 0, 0, 0, 0, 0, 0, 0],
       [0, 0, 0, 0, 0, 0, 0, 0, 1, 0, 0, 0, 0, 0, 0, 0],
       [0, 0, 0, 0, 0, 0, 0, 0, 0, 1, 0, 0, 0, 0, 0, 0],
       [0, 0, 0, 0, 0, 0, 0, 0, 0, 0, 1, 0, 0, 0, 0, 0],
       [0, 0, 0, 0, 0, 0, 0, 0, 0, 0, 0, 1, 0, 0, 0, 0],
       [0, 0, 0, 0, 0, 0, 0, 0, 0, 0, 0, 0, 1, 0, 0, 0],
       [0, 0, 0, 0, 0, 0, 0, 0, 0, 0, 0, 0, 0, 1, 0, 0],
       [0, 0, 0, 0, 0, 0, 0, 0, 0, 0, 0, 0, 0, 0, 1, 0],
       [0, 0, 0, 0, 0, 0, 0, 0, 0, 0, 0, 0, 0, 0, 0, 1]])
      jac: array([ 1.14440918e-05,  5.00038147e-01,  1.30434033e+04,  5.02893982e+01,
        1.78620594e+02, -7.48454742e+01, -2.21033020e+01,  3.09852001e+02,
       -8.54286194e-01, -8.55770111e-01, -8.71543884e-02, -8.58459473e-02,
       -7.90214539e-02, -7.91130066e-02, -7.43789673e-02,  0.00000000e+00])
  message: 'Desired error not necessarily achieved due to precision loss.'
     nfev: 743
      nit: 0
     njev: 43
   status: 2
  success: False
        x: array([7.23790573e-04, 2.62972516e+00, 1.71744513e-01, 8.82077150e-01,
       1.06707600e+00, 4.34719212e+00, 4.31341254e+00, 5.70887392e+00,
       1.92206000e+00, 4.32525541e+00, 4.21268926e+00, 1.24470837e+00,
       5.51753208e+00, 1.98244318e+00, 5.24410776e+00, 1.84483210e+00])
	Command being timed: "srun --export=all -N 1 -n 24 singularity exec quop_mpi_06012021.sif python3 benchmark.py"
	User time (seconds): 0.02
	System time (seconds): 0.01
	Percent of CPU this job got: 0%
	Elapsed (wall clock) time (h:mm:ss or m:ss): 13:12.84
	Average shared text size (kbytes): 0
	Average unshared data size (kbytes): 0
	Average stack size (kbytes): 0
	Average total size (kbytes): 0
	Maximum resident set size (kbytes): 10584
	Average resident set size (kbytes): 0
	Major (requiring I/O) page faults: 0
	Minor (reclaiming a frame) page faults: 1590
	Voluntary context switches: 253
	Involuntary context switches: 0
	Swaps: 0
	File system inputs: 0
	File system outputs: 192
	Socket messages sent: 0
	Socket messages received: 0
	Signals delivered: 0
	Page size (bytes): 4096
	Exit status: 0
	Command being timed: "srun --export=all -N 1 -n 1 singularity exec quop_mpi_06012021.sif python3 process_data.py"
	User time (seconds): 0.01
	System time (seconds): 0.00
	Percent of CPU this job got: 0%
	Elapsed (wall clock) time (h:mm:ss or m:ss): 0:04.39
	Average shared text size (kbytes): 0
	Average unshared data size (kbytes): 0
	Average stack size (kbytes): 0
	Average total size (kbytes): 0
	Maximum resident set size (kbytes): 10576
	Average resident set size (kbytes): 0
	Major (requiring I/O) page faults: 0
	Minor (reclaiming a frame) page faults: 1588
	Voluntary context switches: 151
	Involuntary context switches: 0
	Swaps: 0
	File system inputs: 0
	File system outputs: 0
	Socket messages sent: 0
	Socket messages received: 0
	Signals delivered: 0
	Page size (bytes): 4096
	Exit status: 0
